seed DEADBEEFCAFEBABE
resultados em decimal (µs)

=========================================
 Regressão N-Queens GA (C++)
 N=4..40 | 100 runs por tamanho
 Data: 2005-11-29 16:53:23
=========================================

N     Status       Min (µs)     Max (µs)  Média (µs)   Total (µs)  Solução (run 1)
4     OK                 147           205           153         15377  1 3 0 2
5     OK                 154           238           162         16265  1 4 2 0 3
6     OK                 488           581           515         51509  3 0 4 1 5 2
7     OK                 173           232           180         18092  6 4 2 0 5 3 1
8     OK                 218           317           230         23089  3 5 7 2 0 6 4 1
9     OK                1077          1210          1115        111538  4 2 7 5 1 8 6 0 3
10    OK                2027          2160          2074        207441  3 6 2 9 5 0 8 4 7 1
11    OK                9495         10112          9633        963340  5 3 10 7 4 8 0 2 9 6 1
12    OK                3043          3209          3096        309640  7 2 10 5 9 4 0 11 3 1 6 8
13    OK              198798        204822        201314      20131473  7 9 11 2 0 6 10 5 1 12 4 8 3
14    OK               20216         20974         20475       2047595  13 5 2 11 6 12 3 0 7 10 1 9 4 8
15    OK               74841         76370         75582       7558298  10 8 14 2 7 1 11 0 6 3 5 12 9 13 4
16    OK              979321       1000237        991922      99192293  13 8 4 14 0 5 10 1 7 2 15 12 9 11 6 3
17    OK              573600        584636        578142      57814288  14 10 3 5 2 4 11 13 8 6 0 15 1 16 7 9 12
18    OK             1736862       1760298       1748729     174872944  5 16 6 10 15 13 3 0 17 12 4 1 8 11 2 14 7 9
19    OK             1427453       1453550       1439627     143962725  0 3 9 17 10 2 7 5 11 13 18 16 6 4 1 8 15 12 14
20    OK              733943        744233        738891      73889168  10 4 16 18 9 11 6 0 15 5 19 13 3 7 12 2 17 14 1 8
21    OK             1271479       1285886       1277571     127757187  20 17 11 2 7 12 4 9 0 19 15 8 18 13 1 16 6 10 3 5 14
22    OK              318412        322518        320391      32039174  16 1 3 11 18 14 12 5 0 8 21 13 17 20 9 19 4 10 7 2 6 15
23    OK              270736        276023        272108      27210810  5 20 15 11 14 3 10 16 2 4 17 8 0 9 1 18 22 19 7 12 6 13 21
24    OK             3897462       3936604       3917458     391745899  3 15 6 11 19 12 1 13 18 21 2 4 10 0 5 14 17 22 7 9 20 23 16 8
25    OK              157561        161320        158658      15865842  0 12 15 6 16 10 1 21 24 17 20 8 19 9 23 14 2 18 7 4 13 3 5 11 22

seed 2D0070EA_E49E7A8C
resultados em decimal (µs)

/home/czar/TCC # ./regression_nqueens.sh 
=========================================
 Regressão N-Queens GA (C++)
 N=4..20 | 100 runs por tamanho
 Data: 2005-11-30 09:50:16
=========================================

N     Status       Min (µs)     Max (µs)  Média (µs)   Total (µs)  Solução (run 1)
4     OK                 148           260           155         15577  1 3 0 2
5     OK                 154           247           165         16550  1 4 2 0 3
6     OK                 490           582           516         51602  3 0 4 1 5 2
7     OK                 171           261           181         18156  6 4 2 0 5 3 1
8     OK                 217           277           228         22801  3 5 7 2 0 6 4 1
9     OK                1078          1191          1113        111310  4 2 7 5 1 8 6 0 3
10    OK                2019          2149          2075        207592  3 6 2 9 5 0 8 4 7 1
11    OK                9494          9942          9615        961541  5 3 10 7 4 8 0 2 9 6 1
12    OK                3028          3197          3097        309768  7 2 10 5 9 4 0 11 3 1 6 8
13    OK              198636        204587        201448      20144850  7 9 11 2 0 6 10 5 1 12 4 8 3
14    OK               20162         21060         20421       2042196  13 5 2 11 6 12 3 0 7 10 1 9 4 8
15    OK               74758         78443         75714       7571499  10 8 14 2 7 1 11 0 6 3 5 12 9 13 4
16    OK              979713       1000246        991291      99129188  13 8 4 14 0 5 10 1 7 2 15 12 9 11 6 3
17    OK              574187        586160        578361      57836135  14 10 3 5 2 4 11 13 8 6 0 15 1 16 7 9 12
18    OK             1738351       1760177       1749197     174919700  5 16 6 10 15 13 3 0 17 12 4 1 8 11 2 14 7 9
19    OK             1426959       1453165       1438645     143864504  0 3 9 17 10 2 7 5 11 13 18 16 6 4 1 8 15 12 14
20    OK              734425        747540        739382      73938259  10 4 16 18 9 11 6 0 15 5 19 13 3 7 12 2 17 14 1 8


seed 711F8A0B_846FFFB0
resultados em decimal (µs)

/home/czar/TCC # ./regression_nqueens.sh 
=========================================
 Regressão N-Queens GA (C++)
 N=4..20 | 100 runs por tamanho
 Data: 2005-11-30 10:03:13
=========================================

N     Status       Min (µs)     Max (µs)  Média (µs)   Total (µs)  Solução (run 1)
4     OK                 149           220           154         15488  1 3 0 2
5     OK                 154           210           161         16110  1 4 2 0 3
6     OK                 489           609           515         51584  3 0 4 1 5 2
7     OK                 172           249           180         18075  6 4 2 0 5 3 1
8     OK                 219           303           229         22902  3 5 7 2 0 6 4 1
9     OK                1080          1200          1120        112067  4 2 7 5 1 8 6 0 3
10    OK                2016          2167          2078        207811  3 6 2 9 5 0 8 4 7 1
11    OK                9493         10003          9614        961441  5 3 10 7 4 8 0 2 9 6 1
12    OK                3051          3255          3100        310040  7 2 10 5 9 4 0 11 3 1 6 8
13    OK              198808        203784        201124      20112491  7 9 11 2 0 6 10 5 1 12 4 8 3
14    OK               20181         21003         20423       2042362  13 5 2 11 6 12 3 0 7 10 1 9 4 8
15    OK               74648         77180         75382       7538220  10 8 14 2 7 1 11 0 6 3 5 12 9 13 4
16    OK              979143        999150        990747      99074736  13 8 4 14 0 5 10 1 7 2 15 12 9 11 6 3
17    OK              573903        584364        578048      57804835  14 10 3 5 2 4 11 13 8 6 0 15 1 16 7 9 12
18    OK             1736255       1761140       1748352     174835292  5 16 6 10 15 13 3 0 17 12 4 1 8 11 2 14 7 9
19    OK             1427955       1457338       1438396     143839654  0 3 9 17 10 2 7 5 11 13 18 16 6 4 1 8 15 12 14
20    OK              733769        745132        738787      73878740  10 4 16 18 9 11 6 0 15 5 19 13 3 7 12 2 17 14 1 8

seed C2F7A5DE_772DF504
resultados em decimal (µs)

/home/czar/TCC # ./regression_nqueens.sh 
=========================================
 Regressão N-Queens GA (C++)
 N=4..20 | 100 runs por tamanho
 Data: 2005-11-30 10:16:21
=========================================

N     Status       Min (µs)     Max (µs)  Média (µs)   Total (µs)  Solução (run 1)
4     OK                 148           237           155         15501  1 3 0 2
5     OK                 154           256           162         16286  1 4 2 0 3
6     OK                 490           576           514         51428  3 0 4 1 5 2
7     OK                 171           260           180         18029  6 4 2 0 5 3 1
8     OK                 218           305           231         23127  3 5 7 2 0 6 4 1
9     OK                1077          1193          1113        111364  4 2 7 5 1 8 6 0 3
10    OK                2035          2120          2077        207701  3 6 2 9 5 0 8 4 7 1
11    OK                9512         10170          9621        962113  5 3 10 7 4 8 0 2 9 6 1
12    OK                3066          3177          3095        309583  7 2 10 5 9 4 0 11 3 1 6 8
13    OK              199129        204720        201104      20110479  7 9 11 2 0 6 10 5 1 12 4 8 3
14    OK               20164         20678         20421       2042196  13 5 2 11 6 12 3 0 7 10 1 9 4 8
15    OK               74582         78711         75590       7559041  10 8 14 2 7 1 11 0 6 3 5 12 9 13 4
16    OK              979781       1000200        991242      99124272  13 8 4 14 0 5 10 1 7 2 15 12 9 11 6 3
17    OK              573942        584074        578153      57815334  14 10 3 5 2 4 11 13 8 6 0 15 1 16 7 9 12
18    OK             1736887       1764045       1748897     174889768  5 16 6 10 15 13 3 0 17 12 4 1 8 11 2 14 7 9
19    OK             1427628       1453675       1437902     143790215  0 3 9 17 10 2 7 5 11 13 18 16 6 4 1 8 15 12 14
20    OK              733696        746022        739033      73903300  10 4 16 18 9 11 6 0 15 5 19 13 3 7 12 2 17 14 1 8
