seed DEADBEEFCAFEBABE
resultados em decimal (µs)

N
4	44
5	57
6	62
7	441
8	1591
9	1683
10	2896
11	959297
12	31656545
13	217811
14	375756
15	9496741
16	???

seed 2D0070EA_E49E7A8C
resultados em decimal (µs)

N
4	45
5	58
6	63
7	441
8	455
9	1696
10	4465
11	2561
12	724283
13	6006856
14	507343
15	154586
16	???

seed 711F8A0B_846FFFB0
resultados em decimal (µs)

N
4	44
5	56
6	61
7	441
8	1210
9	4767
10	4461
11	2950
12	126477
13	82496
14	555061
15	209311222

seed C2F7A5DE_772DF504
resultados em decimal (µs)

N
4	44
5	58
6	62
7	441
8	831
9	2458
10	2119
11	583
12	3805
13	28720527
14	373678
15	27957889
